Restultater oppgave c: 

rot =

     8.7302e-006
   -25.3968e-006
    25.3968e-006
    -8.7302e-006

endeMom =

    -2.2667e+006  -232.8306e-012
     2.2667e+006    -2.2667e+006
     2.2667e+006   -58.2077e-012

midtMom =

   458.3333e+003
    -5.0000e+006
  -458.3333e+003

K =

    84.0000e+009    42.0000e+009     0.0000e+000     0.0000e+000
    42.0000e+009   168.0000e+009    42.0000e+009     0.0000e+000
     0.0000e+000    42.0000e+009   168.0000e+009    42.0000e+009
     0.0000e+000     0.0000e+000    42.0000e+009    84.0000e+009