Resultater hovedoppgaven: 

rot =

     0.0000e+000
   903.5140e-006
     5.7036e-003
    -2.9228e-003
     2.6872e-003
    -1.8094e-003
   904.7161e-006
    -3.1336e-003
     6.2672e-003
    -8.5207e-003
     3.9328e-003
     3.5004e-003
    -6.6180e-003
     0.0000e+000

endeMom =

  -114.9839e+006   187.6322e+006
   -32.1013e+006   381.5490e+006
   -40.3496e+006   204.1016e+006
    -4.1016e+006    10.5983e+006
  -341.1994e+006   455.1466e+006
  -155.5309e+006   220.9885e+006
     3.5078e-009   -43.9067e+006
   -15.0710e+006    57.6713e+006
  -512.8179e+006   441.5207e+006
  -162.0108e+006   158.8933e+006
    14.0313e-009   152.0756e+006
    64.9278e+006  -174.2956e+006
  -212.0587e+006   -10.5983e+006
   -55.1665e+006    -6.1924e+006
  -375.8967e+006   371.6092e+006
  -107.0587e+006  -214.1174e+006
  -157.4918e+006     6.1924e+006

midtMom =

   226.8000e+006
   262.8000e+006
   298.8000e+006
     0.0000e+000
   607.5000e+006
  -138.2400e+006
     0.0000e+000
     0.0000e+000
   750.0000e+006
  -249.6000e+006
     0.0000e+000
     0.0000e+000
     0.0000e+000
     0.0000e+000
   600.0000e+006
     0.0000e+000
     0.0000e+000

sigma =

   -62.1939e+000   101.4889e+000   122.6744e+000
   -17.3634e+000   206.3770e+000   142.1466e+000
   -21.8248e+000   110.3970e+000   161.6187e+000
    -3.1713e+000     8.1946e+000     0.0000e+000
  -263.8136e+000   351.9170e+000   469.7158e+000
  -120.2557e+000   170.8671e+000  -106.8864e+000
     1.8974e-015   -23.7488e+000     0.0000e+000
    -8.1518e+000    31.1940e+000     0.0000e+000
  -396.5082e+000   341.3815e+000   579.8961e+000
  -125.2659e+000   122.8555e+000  -192.9894e+000
     7.5894e-015    82.2566e+000     0.0000e+000
    35.1190e+000   -94.2752e+000     0.0000e+000
  -114.7010e+000    -5.7326e+000     0.0000e+000
   -42.6544e+000    -4.7879e+000     0.0000e+000
  -290.6414e+000   287.3263e+000   463.9169e+000
   -57.9072e+000  -115.8145e+000     0.0000e+000
   -85.1862e+000     3.3494e+000     0.0000e+000

I =

   194.0003e+006
   462.1990e+006

EI_l =

     8.0885e+009
     8.0885e+009
     8.0885e+009
     1.0721e+009
     2.2633e+009
     2.2633e+009
     8.0885e+009
     8.0885e+009
     2.0370e+009
     2.0370e+009
     8.0885e+009
     8.0885e+009
     8.0885e+009
     2.0370e+009
     2.0370e+009
     8.0885e+009
     8.0885e+009


q0_KPkt =

    10.0000e+000    12.0000e+000
    12.0000e+000    14.0000e+000
    14.0000e+000    16.0000e+000
     0.0000e+000     0.0000e+000
    15.0000e+000    15.0000e+000
     0.0000e+000     0.0000e+000
     0.0000e+000     0.0000e+000
     0.0000e+000     0.0000e+000
    15.0000e+000    15.0000e+000
     0.0000e+000     0.0000e+000
     0.0000e+000     0.0000e+000
     0.0000e+000     0.0000e+000
     0.0000e+000     0.0000e+000
     0.0000e+000     0.0000e+000
    12.0000e+000    12.0000e+000
     0.0000e+000     0.0000e+000
     0.0000e+000     0.0000e+000

fim =

  -129.6000e+006   158.4000e+006
  -153.6000e+006   182.4000e+006
  -177.6000e+006   206.4000e+006
     0.0000e+000     0.0000e+000
  -405.0000e+006   405.0000e+006
  -155.5200e+006   233.2800e+006
     0.0000e+000     0.0000e+000
     0.0000e+000     0.0000e+000
  -500.0000e+006   500.0000e+006
  -172.8000e+006   115.2000e+006
     0.0000e+000     0.0000e+000
     0.0000e+000     0.0000e+000
     0.0000e+000     0.0000e+000
     0.0000e+000     0.0000e+000
  -400.0000e+006   400.0000e+006
     0.0000e+000     0.0000e+000
     0.0000e+000     0.0000e+000

ytreMom =

     0.0000e+000
     0.0000e+000
     0.0000e+000
   200.0000e+006
     0.0000e+000
     0.0000e+000
     0.0000e+000
     0.0000e+000
     0.0000e+000
     0.0000e+000
     0.0000e+000
     0.0000e+000
     0.0000e+000
     0.0000e+000

Bn =

     0.0000e+000
   150.7200e+006
   400.2000e+006
    -6.4000e+006
    95.0000e+006
   -60.4800e+006
     0.0000e+000
     0.0000e+000
   284.8000e+006
  -500.0000e+006
     0.0000e+000
     0.0000e+000
  -400.0000e+006
     0.0000e+000

Kn =

  Columns 1 through 4

     1.0000e+000     0.0000e+000     0.0000e+000     0.0000e+000
     0.0000e+000    73.7612e+009    16.1770e+009     0.0000e+000
     0.0000e+000    16.1770e+009    73.7612e+009    16.1770e+009
     0.0000e+000     0.0000e+000    16.1770e+009    36.6424e+009
     0.0000e+000     0.0000e+000     4.5267e+009     0.0000e+000
     0.0000e+000     4.5267e+009     0.0000e+000     0.0000e+000
     0.0000e+000     0.0000e+000     0.0000e+000     0.0000e+000
     0.0000e+000     0.0000e+000     0.0000e+000     0.0000e+000
     0.0000e+000     0.0000e+000     0.0000e+000     0.0000e+000
     0.0000e+000     0.0000e+000     0.0000e+000     0.0000e+000
     0.0000e+000     0.0000e+000     0.0000e+000     2.1442e+009
     0.0000e+000     0.0000e+000     0.0000e+000     0.0000e+000
     0.0000e+000     0.0000e+000     0.0000e+000     0.0000e+000
     0.0000e+000     0.0000e+000     0.0000e+000     0.0000e+000

  Columns 5 through 8

     0.0000e+000     0.0000e+000     0.0000e+000     0.0000e+000
     0.0000e+000     4.5267e+009     0.0000e+000     0.0000e+000
     4.5267e+009     0.0000e+000     0.0000e+000     0.0000e+000
     0.0000e+000     0.0000e+000     0.0000e+000     0.0000e+000
    49.5553e+009    16.1770e+009     0.0000e+000     0.0000e+000
    16.1770e+009    81.9092e+009    16.1770e+009     0.0000e+000
     0.0000e+000    16.1770e+009    32.3539e+009     0.0000e+000
     0.0000e+000     0.0000e+000     0.0000e+000    32.3539e+009
     0.0000e+000     4.0740e+009     0.0000e+000    16.1770e+009
     4.0740e+009     0.0000e+000     0.0000e+000     0.0000e+000
     0.0000e+000     0.0000e+000     0.0000e+000     0.0000e+000
     0.0000e+000     0.0000e+000     0.0000e+000     0.0000e+000
     0.0000e+000     0.0000e+000     0.0000e+000     0.0000e+000
     0.0000e+000     0.0000e+000     0.0000e+000     0.0000e+000

  Columns 9 through 12

     0.0000e+000     0.0000e+000     0.0000e+000     0.0000e+000
     0.0000e+000     0.0000e+000     0.0000e+000     0.0000e+000
     0.0000e+000     0.0000e+000     0.0000e+000     0.0000e+000
     0.0000e+000     0.0000e+000     2.1442e+009     0.0000e+000
     0.0000e+000     4.0740e+009     0.0000e+000     0.0000e+000
     4.0740e+009     0.0000e+000     0.0000e+000     0.0000e+000
     0.0000e+000     0.0000e+000     0.0000e+000     0.0000e+000
    16.1770e+009     0.0000e+000     0.0000e+000     0.0000e+000
    81.0039e+009    16.1770e+009     0.0000e+000     0.0000e+000
    16.1770e+009    81.0039e+009    16.1770e+009     4.0740e+009
     0.0000e+000    16.1770e+009    36.6424e+009     0.0000e+000
     0.0000e+000     4.0740e+009     0.0000e+000    40.5019e+009
     4.0740e+009     0.0000e+000     0.0000e+000    16.1770e+009
     0.0000e+000     0.0000e+000     0.0000e+000     0.0000e+000

  Columns 13 through 14

     0.0000e+000     0.0000e+000
     0.0000e+000     0.0000e+000
     0.0000e+000     0.0000e+000
     0.0000e+000     0.0000e+000
     0.0000e+000     0.0000e+000
     0.0000e+000     0.0000e+000
     0.0000e+000     0.0000e+000
     0.0000e+000     0.0000e+000
     4.0740e+009     0.0000e+000
     0.0000e+000     0.0000e+000
     0.0000e+000     0.0000e+000
    16.1770e+009     0.0000e+000
    72.8559e+009     0.0000e+000
     0.0000e+000     1.0000e+000


